# timestamp format v2
0.0
16.666666666666668
33.333333333333336
50.0
66.66666666666667
83.33333333333334
100.0
116.66666666666667
133.33333333333334
150.0
166.66666666666669
183.33333333333334
200.0
216.66666666666669
233.33333333333334
250.00000000000003
266.6666666666667
283.33333333333337
300.0
316.6666666666667
333.33333333333337
350.0
366.6666666666667
383.33333333333337
400.0
416.6666666666667
433.33333333333337
450.00000000000006
466.6666666666667
483.33333333333337
500.00000000000006
516.6666666666667
533.3333333333334
550.0
566.6666666666667
583.3333333333334
600.0
616.6666666666667
633.3333333333334
650.0
666.6666666666667
683.3333333333334
700.0
716.6666666666667
733.3333333333334
750.0
766.6666666666667
783.3333333333334
800.0
816.6666666666667
833.3333333333334
850.0000000000001
866.6666666666667
883.3333333333334
900.0000000000001
916.6666666666667
933.3333333333334
950.0000000000001
966.6666666666667
983.3333333333334
1000.0000000000001
1016.6666666666667
1033.3333333333335
1050.0
1066.6666666666667
1083.3333333333335
1100.0
1116.6666666666667
1133.3333333333335
1150.0
1166.6666666666667
1183.3333333333335
1200.0
1216.6666666666667
1233.3333333333335
1250.0
1266.6666666666667
1283.3333333333335
1300.0
1316.6666666666667
1333.3333333333335
1350.0
1366.6666666666667
1383.3333333333335
1400.0
1416.6666666666667
1433.3333333333335
1450.0
1466.6666666666667
1483.3333333333335
1500.0
1516.6666666666667
1533.3333333333335
1550.0
1566.6666666666667
1583.3333333333335
1600.0
1616.6666666666667
1633.3333333333335
1650.0000000000002
1666.6666666666667
1683.3333333333335
1700.0000000000002
1716.6666666666667
1733.3333333333335
1750.0000000000002
1766.6666666666667
1783.3333333333335
1800.0000000000002
1816.6666666666667
1833.3333333333335
1850.0000000000002
1866.6666666666667
1883.3333333333335
1900.0000000000002
1916.6666666666667
1933.3333333333335
1950.0000000000002
1966.6666666666667
1983.3333333333335
2000.0000000000002
2016.6666666666667
2033.3333333333335
2050.0
2066.666666666667
2083.3333333333335
2100.0
2116.666666666667
2133.3333333333335
2150.0
2166.666666666667
2183.3333333333335
2200.0
2216.666666666667
2233.3333333333335
2250.0
2266.666666666667
2283.3333333333335
2300.0
2316.666666666667
2333.3333333333335
2350.0
2366.666666666667
2383.3333333333335
2400.0
2416.666666666667
2433.3333333333335
2450.0
2466.666666666667
2483.3333333333335
2500.0
2516.666666666667
2533.3333333333335
2550.0
2566.666666666667
2583.3333333333335
2600.0
2616.666666666667
2633.3333333333335
2650.0
2666.666666666667
2683.3333333333335
2700.0
2716.666666666667
2733.3333333333335
2750.0
2766.666666666667
2783.3333333333335
2800.0
2816.666666666667
2833.3333333333335
2850.0
2866.666666666667
2883.3333333333335
2900.0
2916.666666666667
2933.3333333333335
2950.0
2966.666666666667
2983.3333333333335
3000.0
3016.666666666667
3033.3333333333335
3050.0
3066.666666666667
3083.3333333333335
3100.0
3116.666666666667
3133.3333333333335
3150.0
3166.666666666667
3183.3333333333335
3200.0
3216.666666666667
3233.3333333333335
3250.0000000000005
3266.666666666667
3283.3333333333335
3300.0000000000005
3316.666666666667
3333.3333333333335
3350.0000000000005
3366.666666666667
3383.3333333333335
3400.0000000000005
3416.666666666667
3433.3333333333335
3450.0000000000005
3466.666666666667
3483.3333333333335
3500.0000000000005
3516.666666666667
3533.3333333333335
3550.0000000000005
3566.666666666667
3583.3333333333335
3600.0000000000005
3616.666666666667
3633.3333333333335
3650.0000000000005
3666.666666666667
3683.3333333333335
3700.0000000000005
3716.666666666667
3733.3333333333335
3750.0000000000005
3766.666666666667
3783.3333333333335
3800.0000000000005
3816.666666666667
3833.3333333333335
3850.0000000000005
3866.666666666667
3883.3333333333335
3900.0000000000005
3916.666666666667
3933.3333333333335
3950.0000000000005
3966.666666666667
3983.3333333333335
4000.0000000000005
4016.666666666667
4033.3333333333335
4050.0000000000005
4066.666666666667
4083.3333333333335
4100.0
4116.666666666667
4133.333333333334
4150.0
4166.666666666667
4183.333333333334
4200.0
4216.666666666667
4233.333333333334
4250.0
4266.666666666667
4283.333333333334
4300.0
4316.666666666667
4333.333333333334
4350.0
4366.666666666667
4383.333333333334
4400.0
4416.666666666667
4433.333333333334
4450.0
4466.666666666667
4483.333333333334
4500.0
4516.666666666667
4533.333333333334
4550.0
4566.666666666667
4583.333333333334
4600.0
4616.666666666667
4633.333333333334
4650.0
4666.666666666667
4683.333333333334
4700.0
4716.666666666667
4733.333333333334
4750.0
4766.666666666667
4783.333333333334
4800.0
4816.666666666667
4833.333333333334
4850.0
4866.666666666667
4883.333333333334
4900.0
4916.666666666667
4933.333333333334
4950.0
4966.666666666667
4983.333333333334
5003.0
5019.666666666667
5030.333333333333
5053.0
5063.666666666667
5080.333333333333
5103.0
5113.666666666667
5130.333333333333
5147.0
5169.666666666667
5180.333333333333
5197.0
5213.666666666667
5230.333333333333
5253.0
5263.666666666667
5280.333333333333
5297.0
5313.666666666667
5330.333333333333
5353.0
5363.666666666667
5380.333333333333
5397.0
5413.666666666667
5436.333333333333
5447.0
5463.666666666667
5480.333333333333
5503.0
5513.666666666667
5530.333333333333
5553.0
5563.666666666667
5586.333333333333
5603.0
5619.666666666667
5636.333333333333
5647.0
5669.666666666667
5680.333333333333
5697.0
5719.666666666667
5730.333333333333
5747.0
5763.666666666667
5786.333333333333
5797.0
5813.666666666667
5836.333333333333
5853.0
5863.666666666667
5880.333333333333
5903.0
5919.666666666667
5930.333333333333
5947.0
5969.666666666667
5986.333333333333
5997.0
6013.666666666667
6036.333333333334
6053.0
6063.666666666667
6086.333333333334
6097.0
6119.666666666667
6130.333333333334
6153.0
6163.666666666667
6180.333333333334
6203.0
6213.666666666667
6236.333333333334
6247.0
6269.666666666667
6280.333333333334
6303.0
6319.666666666667
6336.333333333334
6347.0
6363.666666666667
6380.333333333334
6397.0
6419.666666666667
6436.333333333334
6453.0
6469.666666666667
6486.333333333334
6503.0
6519.666666666667
6530.333333333334
6553.0
6569.666666666667
6586.333333333334
6603.0
6613.666666666667
6630.333333333334
6647.0
6663.666666666667
6686.333333333334
6697.0
6719.666666666667
6736.333333333334
6747.0
6769.666666666667
6786.333333333334
6797.0
6813.666666666667
6836.333333333334
6853.0
6863.666666666667
6880.333333333334
6897.0
6913.666666666667
6936.333333333334
6953.0
6969.666666666667
6986.333333333334
7003.0
7019.666666666667
7030.333333333334
7047.0
7069.666666666667
7086.333333333334
7097.0
7113.666666666667
7136.333333333334
7147.0
7163.666666666667
7186.333333333334
7197.0
7219.666666666667
7230.333333333334
7253.0
7263.666666666667
7280.333333333334
7303.0
7313.666666666667
7336.333333333334
7347.0
7369.666666666667
7380.333333333334
7403.0
7413.666666666667
7436.333333333334
7447.0
7469.666666666667
7480.333333333334
7497.0
7513.666666666667
7530.333333333334
7553.0
7569.666666666667
7580.333333333334
7597.0
7613.666666666667
7630.333333333334
7647.0
7663.666666666667
7680.333333333334
7703.0
7719.666666666667
7730.333333333334
7747.0
7769.666666666667
7786.333333333334
7797.0
7819.666666666667
7836.333333333334
7847.0
7863.666666666667
7886.333333333334
7903.0
7913.666666666667
7930.333333333334
7947.0
7963.666666666667
7986.333333333334
8003.0
8019.666666666667
8036.333333333334
8053.0
8063.666666666667
8086.333333333334
8103.0
8113.666666666667
8136.333333333334
8147.0
8169.666666666667
8186.333333333334
8203.0
8213.666666666668
8230.333333333334
8247.0
8263.666666666668
8280.333333333334
8297.0
8313.666666666668
8330.333333333334
8347.0
8363.666666666668
8380.333333333334
8403.0
8419.666666666668
8436.333333333334
8453.0
8469.666666666668
8486.333333333334
8503.0
8519.666666666668
8530.333333333334
8553.0
8563.666666666668
8586.333333333334
8597.0
8619.666666666668
8630.333333333334
8647.0
8663.666666666668
8686.333333333334
8703.0
8719.666666666668
8736.333333333334
8747.0
8769.666666666668
8786.333333333334
8803.0
8819.666666666668
8830.333333333334
8847.0
8869.666666666668
8886.333333333334
8903.0
8919.666666666668
8936.333333333334
8953.0
8969.666666666668
8980.333333333334
9003.0
9019.666666666668
9030.333333333334
9047.0
9069.666666666668
9086.333333333334
9097.0
9113.666666666668
9130.333333333334
9153.0
9169.666666666668
9186.333333333334
9203.0
9213.666666666668
9230.333333333334
9253.0
9263.666666666668
9286.333333333334
9303.0
9313.666666666668
9336.333333333334
9347.0
9369.666666666668
9380.333333333334
9403.0
9413.666666666668
9436.333333333334
9453.0
9469.666666666668
9486.333333333334
9503.0
9519.666666666668
9536.333333333334
9553.0
9563.666666666668
9586.333333333334
9597.0
9613.666666666668
9636.333333333334
9647.0
9669.666666666668
9680.333333333334
9703.0
9719.666666666668
9730.333333333334
9747.0
9769.666666666668
9786.333333333334
9803.0
9819.666666666668
9836.333333333334
9847.0
9863.666666666668
9880.333333333334
9897.0
9913.666666666668
9930.333333333334
9953.0
9969.666666666668
9980.333333333334
9997.0
10019.666666666668
10030.333333333334
10053.0
10063.666666666668
10080.333333333334
10103.0
10113.666666666668
10136.333333333334
10153.0
10169.666666666668
10180.333333333334
10203.0
10213.666666666668
10230.333333333334
10253.0
10269.666666666668
10286.333333333334
10297.0
10313.666666666668
10336.333333333334
10353.0
10363.666666666668
10386.333333333334
10403.0
10419.666666666668
10430.333333333334
10447.0
10463.666666666668
10480.333333333334
10497.0
10519.666666666668
10530.333333333334
10547.0
10569.666666666668
10580.333333333334
10603.0
10613.666666666668
10636.333333333334
10653.0
10663.666666666668
10680.333333333334
10703.0
10719.666666666668
10730.333333333334
10747.0
10769.666666666668
10786.333333333334
10797.0
10813.666666666668
10836.333333333334
10847.0
10863.666666666668
10886.333333333334
10897.0
10919.666666666668
10936.333333333334
10947.0
10963.666666666668
10980.333333333334
11003.0
11019.666666666668
11030.333333333334
11047.0
11069.666666666668
11086.333333333334
11097.0
11119.666666666668
11136.333333333334
11147.0
11169.666666666668
11180.333333333334
11203.0
11219.666666666668
11236.333333333334
11247.0
11263.666666666668
11280.333333333334
11297.0
11313.666666666668
11336.333333333334
11353.0
11369.666666666668
11386.333333333334
11397.0
11413.666666666668
11430.333333333334
11453.0
11463.666666666668
11480.333333333334
11503.0
11513.666666666668
11536.333333333334
11547.0
11569.666666666668
11586.333333333334
11597.0
11613.666666666668
11636.333333333334
11653.0
11669.666666666668
11680.333333333334
11703.0
11719.666666666668
11730.333333333334
11753.0
11763.666666666668
11786.333333333334
11797.0
11813.666666666668
11836.333333333334
11853.0
11863.666666666668
11880.333333333334
11897.0
11919.666666666668
11936.333333333334
11953.0
11963.666666666668
11986.333333333334
11997.0
12013.666666666668
12030.333333333334
12053.0
12063.666666666668
12086.333333333334
12103.0
12113.666666666668
12136.333333333334
12153.0
12163.666666666668
12180.333333333334
12197.0
12219.666666666668
12230.333333333334
12247.0
12263.666666666668
12280.333333333334
12297.0
12313.666666666668
12336.333333333334
12347.0
12363.666666666668
12386.333333333334
12403.0
12419.666666666668
12430.333333333334
12447.0
12463.666666666668
12480.333333333334
12503.0
12513.666666666668
12530.333333333334
12553.0
12569.666666666668
12580.333333333334
12597.0
12619.666666666668
12630.333333333334
12647.0
12663.666666666668
12686.333333333334
12697.0
12713.666666666668
12736.333333333334
12753.0
12763.666666666668
12780.333333333334
12803.0
12819.666666666668
12836.333333333334
12853.0
12869.666666666668
12880.333333333334
12897.0
12919.666666666668
12930.333333333334
12947.0
12963.666666666668
12980.333333333334
13003.0
13013.666666666668
13030.333333333334
13047.0
13069.666666666668
13086.333333333334
13097.0
13113.666666666668
13136.333333333334
13153.0
13163.666666666668
13180.333333333334
13197.0
13219.666666666668
13230.333333333334
13253.0
13269.666666666668
13280.333333333334
13297.0
13313.666666666668
13336.333333333334
13353.0
13363.666666666668
13386.333333333334
13397.0
13419.666666666668
13430.333333333334
13447.0
13469.666666666668
13480.333333333334
13503.0
13513.666666666668
13536.333333333334
13553.0
13563.666666666668
13580.333333333334
13603.0
13619.666666666668
13636.333333333334
13653.0
13663.666666666668
13686.333333333334
13703.0
13713.666666666668
13730.333333333334
13753.0
13769.666666666668
13780.333333333334
13803.0
13813.666666666668
13830.333333333334
13853.0
13869.666666666668
13880.333333333334
13897.0
13913.666666666668
13936.333333333334
13947.0
13969.666666666668
13980.333333333334
14003.0
14019.666666666668
14036.333333333334
14047.0
14063.666666666668
14080.333333333334
14103.0
14113.666666666668
14136.333333333334
14147.0
14163.666666666668
14180.333333333334
14203.0
14219.666666666668
14236.333333333334
14253.0
14263.666666666668
14280.333333333334
14297.0
14313.666666666668
14336.333333333334
14347.0
14363.666666666668
14386.333333333334
14403.0
14419.666666666668
14436.333333333334
14453.0
14469.666666666668
14480.333333333334
14497.0
14519.666666666668
14530.333333333334
14547.0
14563.666666666668
14580.333333333334
14597.0
14613.666666666668
14630.333333333334
14653.0
14669.666666666668
14686.333333333334
14697.0
14713.666666666668
14730.333333333334
14747.0
14763.666666666668
14786.333333333334
14803.0
14813.666666666668
14836.333333333334
14853.0
14863.666666666668
14880.333333333334
14897.0
14919.666666666668
14936.333333333334
14953.0
14969.666666666668
14980.333333333334
15033.333333333334
15050.000000000002
15066.666666666668
15083.333333333334
15100.000000000002
15116.666666666668
15133.333333333334
15150.000000000002
15166.666666666668
15183.333333333334
15200.000000000002
15216.666666666668
15233.333333333334
15250.000000000002
15266.666666666668
15283.333333333334
15300.000000000002
15316.666666666668
15333.333333333334
15350.000000000002
15366.666666666668
15383.333333333334
15400.000000000002
15416.666666666668
15433.333333333334
15450.000000000002
15466.666666666668
15483.333333333334
15500.000000000002
15516.666666666668
15533.333333333334
15550.000000000002
15566.666666666668
15583.333333333334
15600.000000000002
15616.666666666668
15633.333333333334
15650.000000000002
15666.666666666668
15683.333333333334
15700.000000000002
15716.666666666668
15733.333333333334
15750.000000000002
15766.666666666668
15783.333333333334
15800.000000000002
15816.666666666668
15833.333333333334
15850.000000000002
15866.666666666668
15883.333333333334
15900.000000000002
15916.666666666668
15933.333333333334
15950.000000000002
15966.666666666668
15983.333333333334
16000.000000000002
16016.666666666668
16033.333333333334
16050.000000000002
16066.666666666668
16083.333333333334
16100.000000000002
16116.666666666668
16133.333333333334
16150.000000000002
16166.666666666668
16183.333333333334
16200.000000000002
16216.666666666668
16233.333333333334
16250.000000000002
16266.666666666668
16283.333333333334
16300.000000000002
16316.666666666668
16333.333333333334
16350.000000000002
16366.666666666668
16383.333333333334
16400.0
16416.666666666668
16433.333333333336
16450.0
16466.666666666668
16483.333333333336
16500.0
16516.666666666668
16533.333333333336
16550.0
16566.666666666668
16583.333333333336
16600.0
16616.666666666668
16633.333333333336
16650.0
16666.666666666668
16683.333333333336
16700.0
16716.666666666668
16733.333333333336
16750.0
16766.666666666668
16783.333333333336
16800.0
16816.666666666668
16833.333333333336
16850.0
16866.666666666668
16883.333333333336
16900.0
16916.666666666668
16933.333333333336
16950.0
16966.666666666668
16983.333333333336
17000.0
17016.666666666668
17033.333333333336
17050.0
17066.666666666668
17083.333333333336
17100.0
17116.666666666668
17133.333333333336
17150.0
17166.666666666668
17183.333333333336
17200.0
17216.666666666668
17233.333333333336
17250.0
17266.666666666668
17283.333333333336
17300.0
17316.666666666668
17333.333333333336
17350.0
17366.666666666668
17383.333333333336
17400.0
17416.666666666668
17433.333333333336
17450.0
17466.666666666668
17483.333333333336
17500.0
17516.666666666668
17533.333333333336
17550.0
17566.666666666668
17583.333333333336
17600.0
17616.666666666668
17633.333333333336
17650.0
17666.666666666668
17683.333333333336
17700.0
17716.666666666668
17733.333333333336
17750.0
17766.666666666668
17783.333333333336
17800.0
17816.666666666668
17833.333333333336
17850.0
17866.666666666668
17883.333333333336
17900.0
17916.666666666668
17933.333333333336
17950.0
17966.666666666668
17983.333333333336
18000.0
18016.666666666668
18033.333333333336
18050.0
18066.666666666668
18083.333333333336
18100.0
18116.666666666668
18133.333333333336
18150.0
18166.666666666668
18183.333333333336
18200.0
18216.666666666668
18233.333333333336
18250.0
18266.666666666668
18283.333333333336
18300.0
18316.666666666668
18333.333333333336
18350.0
18366.666666666668
18383.333333333336
18400.0
18416.666666666668
18433.333333333336
18450.0
18466.666666666668
18483.333333333336
18500.0
18516.666666666668
18533.333333333336
18550.0
18566.666666666668
18583.333333333336
18600.0
18616.666666666668
18633.333333333336
18650.0
18666.666666666668
18683.333333333336
18700.0
18716.666666666668
18733.333333333336
18750.0
18766.666666666668
18783.333333333336
18800.0
18816.666666666668
18833.333333333336
18850.0
18866.666666666668
18883.333333333336
18900.0
18916.666666666668
18933.333333333336
18950.0
18966.666666666668
18983.333333333336
19000.0
19016.666666666668
19033.333333333336
19050.0
19066.666666666668
19083.333333333336
19100.0
19116.666666666668
19133.333333333336
19150.0
19166.666666666668
19183.333333333336
19200.0
19216.666666666668
19233.333333333336
19250.0
19266.666666666668
19283.333333333336
19300.0
19316.666666666668
19333.333333333336
19350.0
19366.666666666668
19383.333333333336
19400.0
19416.666666666668
19433.333333333336
19450.0
19466.666666666668
19483.333333333336
19500.0
19516.666666666668
19533.333333333336
19550.0
19566.666666666668
19583.333333333336
19600.0
19616.666666666668
19633.333333333336
19650.0
19666.666666666668
19683.333333333336
19700.0
19716.666666666668
19733.333333333336
19750.0
19766.666666666668
19783.333333333336
19800.0
19816.666666666668
19833.333333333336
19850.0
19866.666666666668
19883.333333333336
19900.0
19916.666666666668
19933.333333333336
19950.0
19966.666666666668
19983.333333333336
20000.0
20016.666666666668
20033.333333333336
20050.0